367554
258160
552155
524623
332606
559218
351302
043339
305205
364839
430974
178271
640480
953325
590728
250884
012174
896033
069915
135700
407733
052017
386601
132117
385736
688366
304154
825290
323113
458440
572011
158286
051374
942510
250612
689029
142157
169158
843026
474816
311004
223128
127181
114208
630529
304873
307086
753261
105196
338144
205849
961887
116446
738842
328809
455185
336255
238235
415235
631540
455406
777396
041191
931304
496018
965942
448178
858126
383631
672242
367484
198218
997693
581204
865295
342247
744397
090474
995000
363395
095956
632530
282304
768419
772278
416772
771718
573317
950272
029902